183
655
803
701
765
816
563
700
4
740
568
548
691
162
351
496
97
532
501
801
149
680
522
265
422
800
662
89
850
838
999
15
241
296
465
858
824
541
187
792
324
722
436
831
143
602
993
237
960
690
876
991
509
169
646
521
16
387
348
460
211
957
457
408
711
536
283
163
145
17
717
291
936
752
851
326
962
216
309
489
184
516
985
179
398
854
907
229
495
298
439
345
458
915
575
909
976
490
890
780
988
22
282
719
723
307
650
340
742
24
778
744
328
753
623
250
120
754
510
948
209
264
329
91
49
507
842
836
446
761
235
68
671
116
628
630
925
37
839
669
10
788
893
251
881
861
997
59
502
48
148
415
266
215
638
596
284
449
682
713
426
438
864
624
518
945
844
423
27
287
783
230
127
917
975
417
207
134
69
535
879
450
829
474
571
916
673
5
397
349
380
759
191
396
335
609
932
734
395
421
935
1
866
883
538
520
301
451
841
141
214
147
325
938
80
239
137
964
73
657
898
927
280
605
353
787
64
212
812
155
461
158
406
727
213
529
157
811
419
180
888
323
104
553
240
610
300
562
633
973
729
371
61
534
268
341
463
807
222
487
204
316
354
954
699
25
815
471
121
706
724
234
794
887
760
434
18
918
444
679
123
46
36
835
832
847
466
704
857
714
51
355
146
88
368
733
488
946
781
994
697
658
311
389
332
966
979
764
106
52
919
238
176
452
223
390
873
900
198
674
772
126
292
889
808
642
793
101
19
959
939
221
526
825
63
224
777
8
920
150
281
612
694
367
98
591
129
958
856
289
253
159
703
486
1000
874
914
310
202
613
546
983
580
196
961
375
969
933
494
405
995
470
95
595
795
194
497
246
72
294
83
635
236
943
2
837
476
569
339
475
899
410
984
692
588
247
901
87
731
557
503
404
967
819
683
480
823
540
76
906
45
412
258
418
384
96
641
923
533
689
956
43
785
922
820
203
678
525
656
297
619
243
581
242
342
708
798
653
974
767
644
647
154
372
572
799
500
304
515
318
7
840
896
886
377
79
346
709
67
940
192
903
514
934
479
485
941
373
998
219
75
140
519
986
312
181
90
58
136
728
587
42
453
827
790
705
977
459
882
768
57
190
481
810
252
278
361
775
822
469
142
688
86
54
830
26
125
74
195
846
82
28
608
302
228
649
549
53
327
31
710
551
338
131
330
544
218
645
523
677
429
38
290
443
681
848
603
21
122
871
528
173
39
427
971
472
586
420
12
539
285
747
763
286
135
334
178
911
217
640
393
745
758
560
545
806
263
748
567
62
139
895
963
153
627
454
702
435
357
601
364
511
921
877
926
322
809
951
448
473
505
611
756
14
314
428
383
103
852
65
531
952
47
730
60
399
636
565
11
70
484
685
331
817
771
109
360
99
746
892
913
574
189
583
344
577
607
651
254
205
813
455
942
558
631
600
431
491
376
124
634
880
233
885
863
869
366
110
220
363
270
66
400
115
718
356
259
527
594
660
118
30
306
905
675
81
867
712
802
625
430
716
970
350
262
174
114
860
928
508
579
13
978
897
661
379
859
908
267
78
779
498
652
720
172
442
93
826
244
108
937
695
659
654
924
762
199
499
320
374
504
818
564
632
378
456
738
168
643
94
865
902
165
261
506
547
188
409
144
370
403
437
910
530
424
686
464
185
352
513
542
166
197
870
773
853
648
271
303
111
789
269
855
953
616
687
606
552
401
878
200
358
305
482
814
170
965
9
107
749
737
112
875
226
639
193
23
414
698
736
295
288
279
707
982
77
561
249
186
929
805
391
665
313
167
336
592
972
128
483
743
164
359
621
821
56
968
949
33
904
477
868
20
175
133
849
796
386
791
980
576
411
308
741
102
132
996
245
833
257
416
248
944
559
467
152
34
317
493
40
804
598
447
990
206
585
573
981
388
556
726
171
589
894
593
524
333
138
272
555
614
672
151
293
6
255
663
766
735
381
277
319
227
440
578
751
537
201
337
828
85
445
626
931
950
492
862
992
256
276
739
955
394
786
774
664
732
385
599
776
637
615
582
130
35
402
92
725
260
50
210
273
784
71
32
156
225
413
512
392
441
590
44
55
517
797
117
666
584
161
462
597
667
715
629
432
566
232
275
912
369
570
41
29
947
696
231
468
554
670
433
362
274
750
478
782
676
182
407
100
845
755
105
365
757
987
617
343
315
884
382
425
543
299
668
843
208
160
684
872
989
622
3
604
84
177
113
770
769
550
618
620
321
119
693
891
834
347
930
721
