214
374
926
500
968
178
260
828
627
498
119
621
242
860
931
762
524
188
225
467
831
985
144
289
527
885
168
126
446
969
963
922
616
43
892
403
20
761
161
947
937
194
864
32
663
373
190
957
723
940
16
784
266
60
199
683
254
689
905
571
118
997
145
722
923
702
747
491
2
633
543
971
507
99
668
867
33
274
105
380
92
102
550
614
847
823
408
574
619
996
585
953
660
631
12
662
652
383
870
98
306
192
447
603
611
713
112
833
651
269
196
108
539
869
405
390
294
250
684
174
285
798
164
959
46
122
149
835
658
643
335
224
822
755
988
951
17
601
606
273
30
487
47
501
878
31
120
716
521
733
900
886
7
95
555
497
671
146
298
533
5
395
763
413
106
767
191
780
630
979
768
583
251
976
811
322
103
499
669
28
739
167
502
286
356
726
9
781
354
852
637
667
297
272
152
89
615
519
160
337
595
453
642
415
327
588
85
731
572
83
159
15
40
276
25
765
234
982
559
312
469
675
331
943
801
880
345
76
600
393
175
599
259
36
620
370
523
313
454
200
785
699
333
682
360
86
589
292
258
570
282
626
249
859
125
545
681
590
492
334
343
137
24
680
889
791
11
825
933
775
818
211
881
876
398
130
696
198
223
140
511
674
777
427
123
244
712
839
472
369
402
300
666
515
485
456
648
135
400
361
176
418
71
919
353
757
772
972
706
888
556
368
290
742
166
752
458
576
222
967
544
725
428
317
932
549
745
22
579
387
437
436
984
155
237
720
127
195
248
587
277
474
377
445
569
278
26
84
468
412
471
629
514
291
65
903
939
883
319
429
909
302
163
73
82
710
496
848
488
388
213
139
639
708
172
812
517
924
151
329
509
836
958
475
72
578
832
995
433
882
586
261
132
897
541
394
636
584
305
409
977
57
628
920
34
116
841
795
336
771
414
857
221
846
490
18
964
75
104
308
942
303
770
553
463
998
538
228
679
257
736
617
520
819
342
724
799
357
307
949
124
796
87
863
688
727
986
311
540
443
594
546
665
326
128
62
245
856
473
764
183
965
81
315
264
484
816
171
769
980
27
622
52
715
459
565
581
299
743
921
314
735
776
529
820
324
416
548
439
866
756
855
598
690
58
813
340
834
677
325
233
528
766
399
794
165
970
280
77
339
955
216
605
226
647
186
419
843
778
596
530
111
63
910
422
385
182
321
449
829
558
849
80
318
512
482
879
532
1000
806
894
94
807
891
695
787
946
74
193
35
239
88
59
156
744
535
391
547
790
231
348
138
805
945
476
39
316
323
270
676
557
803
371
700
493
887
201
185
392
936
918
741
466
962
113
4
672
352
349
646
698
732
817
275
914
877
602
773
934
930
338
826
281
661
440
625
396
169
613
954
240
417
232
608
115
478
800
974
49
908
808
714
142
255
444
536
347
252
673
815
21
786
379
554
810
265
38
346
961
397
91
510
948
44
432
656
129
542
913
61
850
562
956
893
564
612
534
50
162
804
632
464
551
566
382
902
506
359
381
179
748
516
3
928
993
279
154
197
435
320
158
503
809
310
208
837
851
862
363
638
691
830
263
563
537
296
728
423
975
717
824
884
610
634
364
494
783
404
644
210
204
729
753
148
604
899
42
330
13
994
560
70
462
935
526
235
153
657
268
760
136
203
109
430
797
6
93
875
645
442
898
577
719
486
271
90
350
295
827
375
504
341
434
455
54
593
470
670
425
655
711
950
944
873
580
117
895
814
246
386
8
477
241
243
481
227
659
184
97
420
407
966
513
10
56
332
927
23
256
293
173
842
609
868
573
721
452
389
623
479
96
990
999
48
992
67
685
525
641
218
45
896
309
406
865
687
654
133
114
157
217
141
150
746
697
438
916
987
983
890
774
552
915
284
344
789
253
121
640
68
51
365
911
14
431
938
750
401
575
788
177
229
410
366
301
181
505
238
707
450
991
607
973
19
960
792
941
202
206
460
737
664
653
205
328
618
180
100
705
131
267
1
840
66
110
355
358
426
457
730
411
844
37
635
929
901
592
694
845
650
351
461
219
79
134
378
925
872
376
907
751
262
69
793
686
247
424
912
480
693
567
649
451
212
861
304
372
871
779
981
904
738
582
802
441
952
170
978
591
448
838
740
759
754
854
518
874
522
597
421
362
858
78
53
41
989
758
147
624
489
917
692
704
709
483
220
495
29
782
107
236
531
230
207
215
718
283
55
143
749
821
703
384
561
568
465
701
734
906
508
287
678
189
209
288
853
367
101
64
187
