-50.44
79.87
-58.51
97.32
88.39
5.38
-90.97
49.12
-3.09
31.73
84.00
-36.35
32.40
88.10
90.30
82.09
-77.50
-96.66
19.13
-36.24
34.36
19.14
-97.35
6.68
-84.39
2.67
66.60
53.82
-68.50
27.59
-42.95
78.94
78.52
19.02
-53.80
-49.14
67.90
-8.88
-12.13
-13.80
-59.03
45.13
15.32
17.86
3.93
-58.75
52.62
30.23
-49.38
9.50
-54.94
42.05
80.08
22.76
5.05
53.85
-91.01
-80.64
-82.86
-80.58
29.95
-66.91
-51.20
-50.74
-27.52
-34.56
73.54
-91.02
86.66
-82.44
28.51
36.52
87.98
-10.91
.86
-30.10
77.50
46.12
-34.48
50.18
-17.45
62.59
81.57
-55.14
51.12
-52.61
-4.85
-77.37
76.83
-16.57
-5.93
2.89
31.91
25.92
-87.51
2.28
-58.47
-66.61
93.56
4.96
