52384
280314
252926
443740
916658
768429
639483
671153
577931
45430
725856
599499
493262
88135
518619
111028
581835
747385
104712
998672
569157
977568
502591
206091
395405
630473
69576
589153
204301
200595
812074
89417
803041
541991
736416
476223
628383
35797
431277
396588
748023
14348
198471
306101
849654
748342
281838
510621
315493
847662
165024
336792
94734
424863
528997
785709
536798
421242
799621
166470
168550
78867
29210
12311
341371
70681
552768
648937
97982
432496
277352
471490
776694
647213
398412
811827
967897
850733
826109
67262
136426
703762
820056
342753
477756
287963
749591
497539
979412
391775
665795
56634
29612
978278
424583
970423
618324
961764
211296
482063
57523
818643
719985
889318
449452
580012
852084
369274
870684
379969
505994
52297
697919
267578
512883
418849
279090
343466
305560
102338
381651
839437
423493
352497
974788
841760
73269
767772
146511
929693
722438
473061
251876
135250
280908
799885
159549
905117
619649
331134
599650
635590
581914
115060
62856
635193
650037
226697
76757
262430
411694
599133
255679
401239
651984
280543
808210
782677
67560
677626
612944
619479
410550
529694
691506
629313
787517
896041
456717
357845
101178
50482
184080
474384
496881
779890
913514
649379
251682
852112
617416
250829
208859
567944
589116
587345
779175
114423
6713
929305
603108
562501
990523
906407
131250
305647
236227
413940
768839
20527
209984
955943
133728
730123
186697
32371
658450
628024
229127
975693
811839
972392
398640
608521
73507
21815
598894
449104
6606
686445
511134
234304
473900
713457
282548
344032
46464
245963
898875
392766
564976
309652
838970
775336
212409
126333
692274
86467
565826
873464
852933
197771
267087
440838
580401
523431
707788
764702
646521
861800
392841
108023
994852
631262
103429
536050
315038
534999
771299
953319
61693
199285
767930
589835
413983
15275
387912
881531
742511
412116
376774
754535
76038
640943
528150
775582
425454
457211
72216
225969
736449
360171
902493
859143
286000
287047
664563
693949
580319
231903
758495
329527
347246
918699
343209
794632
922707
232452
869777
260410
311843
944121
786975
803066
110767
411279
250776
967523
585291
125849
229773
382501
757610
235823
129997
733970
430437
233934
735610
164613
775578
295564
858489
586927
467441
726582
304835
536511
954746
995336
338841
416877
213170
188168
480020
216676
580837
483071
136794
388810
333229
457301
967149
59309
209944
540232
439965
704523
326632
934025
914270
785342
712819
899699
215156
355138
112619
22632
881802
862628
938296
994890
900003
966346
60865
599059
824423
821273
933706
648914
827295
955014
257528
13251
229308
899517
706799
931401
880402
960615
935900
419658
967778
678684
538255
76647
337172
788517
949567
801366
688899
583596
860082
706335
195123
285058
98292
144239
75870
685709
288004
452828
554923
191628
738127
67766
978368
163785
93140
909766
898030
547738
195366
718950
104459
233619
290384
58557
988702
801675
77842
34261
709106
786249
537418
474586
385165
82060
115310
284977
924603
614068
235830
502322
322883
397648
563286
986564
349435
650053
110697
865044
793783
566743
924521
471793
199709
351639
800219
894215
222996
723946
562312
452343
927515
403057
889893
667087
481782
51034
812052
371755
933570
388227
596483
247143
130474
968198
231731
459391
681714
638949
777043
610438
725681
520531
983562
700160
12572
412125
864788
443100
366140
598259
136580
111313
325889
998231
697767
766675
777073
925601
638217
679346
517945
437100
190481
136976
85092
846945
845639
353149
297513
214238
475126
113329
190238
771586
810861
899685
69323
790039
311839
63310
398426
415325
171946
4278
848874
577775
941749
466425
557378
614484
111346
921498
586466
256165
950531
278528
782774
235670
819960
450832
738276
223394
978743
746024
600324
950295
859381
736500
890479
256443
854176
676721
31152
475866
980767
973372
378008
165293
531377
253590
817134
158377
643314
52471
854978
639201
20092
438859
156962
335512
117162
491085
264870
678631
319288
798399
472358
219399
895878
483587
950220
931324
737083
175193
115652
720863
967111
505462
128336
918086
196544
995517
936631
832081
747694
450077
370845
242068
901474
64454
144878
894428
749249
282888
782196
667232
653854
379787
128201
907462
519173
193189
979238
988430
822549
458715
616921
673503
497349
539319
569173
878188
833031
949250
712675
552003
984265
803807
996983
991410
878936
581124
240350
753622
354271
349781
478994
316801
876494
262623
908272
900359
286486
59694
934593
559590
852112
527179
599348
283727
552637
993365
734765
845461
782248
903930
483958
428913
539112
547987
368403
243631
73090
905882
478708
716537
138219
165576
441028
655359
296234
435471
579231
434495
928028
969521
378400
292918
662865
138684
129879
515299
264852
853922
59098
983732
728521
681465
929459
142416
58222
385547
95799
403264
803012
461659
660982
965882
662471
723381
979470
657164
476504
695920
187482
811554
620604
306884
72584
143220
131133
907010
324104
770062
685358
114868
182369
901821
112332
671889
92381
911635
345600
840477
605157
128088
997889
83867
75559
221453
643799
892336
481715
536222
174010
985558
492774
351459
512985
462905
818941
816274
585654
678193
211659
989317
822766
499805
667141
500324
964887
857816
109819
803951
536898
515355
126305
124459
981791
429807
40908
962342
181696
976845
846584
839975
53494
117652
11141
201463
663127
920741
613379
994374
301282
666398
809954
657788
44345
264562
267916
325981
356748
324514
553486
705368
850135
828506
801137
980332
275265
247210
364007
455352
285669
161631
540065
823389
822062
410430
56190
612369
743516
338396
692637
84931
109347
967005
402771
517415
746418
749511
528632
208157
784145
808130
57948
563522
197475
390830
522519
621202
802763
563873
38078
266039
26091
610236
235442
459699
237512
647656
906066
423719
772809
494962
568144
881150
88543
312641
707041
151033
806654
914096
548046
886551
587592
147788
494504
808672
857739
894955
827480
287374
633249
350887
52245
641369
854198
867574
557614
313309
19879
944807
452423
499755
1157
234555
664928
229417
274360
75614
597329
726822
305344
752001
7634
855614
955351
292181
14326
981926
591731
676773
70136
68757
479463
623312
309678
309584
61993
661218
862746
663824
636974
844431
491424
923409
338162
953547
562129
27002
514452
323977
783909
678052
126685
492301
785608
716552
828385
275440
55499
221322
269246
338352
99835
26396
926593
367281
108623
700752
509417
712404
187514
328702
25859
546035
529441
173774
934516
823862
995175
226467
858901
280597
532195
543589
247288
942890
546035
425896
906505
682097
284714
242558
487952
912416
284453
453270
321491
551709
895419
68175
426009
109281
782738
253405
122889
168935
132687
447126
888048
788496
237541
850266
998305
483030
303055
678301
970102
940011
234200
339091
588725
114029
986519
308406
89487
120904
940793
558327
391298
384681
998646
579519
930781
206235
620390
447328
362404
215040
405996
608605
38025
227692
244176
815826
367578
509921
48939
189634
198395
940067
998011
634299
47496
597432
805463
176424
314588
789566
142844
806131
555312
203496
569861
178004
142939
20054
164857
40059
951287
580945
433790
156630
334820
717472
912876
254463
781222
15753
751037
711365
335018
815655
793632
243798
171750
606245
615660
2630
240990
225812
100658
392318
417218
576687
21803
60484
657972
119464
117584
199778
242984
671854
366537
883382
330533
302206
434365
418774
538088
724579
292104
985309
705383
244812
122827
485718
94771
411144
30684
223492
925750
818016
655454
113036
466908
556049
869420
376513
934735
109604
295151
688329
240218
777388
567504
613424
826735
597916
596806
207753
319236
568578
439504
600316
376791
755428
585343
236081
336147
44981
204395
910232
281291
49012
927110
468306
28066
624290
774029
929855
15181
609886
578842
892901
648113
320286
725143
925817
126822
893260
564557
992974
489885
622075
745690
186391
312158
395588
112065
899290
201513
659201
239387
650484
204926
796453
790444
224771
349945
792695
186513
329907
933077
212329
546708
814504
801297
981465
123874
183301
732911
310179
938388
127896
30937
572832
9833
766114
789279
640832
366037
239046
959899
496704
722866
255116
442102
563719
660501
114259
395843
910755
677308
916625
193737
515035
464547
598472
461534
214320
462261
995912
458030
798709
446560
562010
521755
661768
173249
495760
23678
829228
438719
654887
926028
706628
164467
221334
121365
801454
368261
573494
422949
642170
185554
815245
426381
136134
704649
87160
456636
20919
666069
795445
786630
93334
597236
785291
301575
159940
808679
563734
253217
866076
263170
351858
476832
324644
332579
242948
121151
937646
763583
521504
128068
620113
249368
633690
369158
253823
941707
300204
804367
797315
830469
655041
683100
765146
961750
812060
551361
542891
428893
60456
477225
907363
609891
726876
718203
997041
41669
254922
75609
367515
277768
792645
133762
236155
475409
355181
248791
257690
678380
67801
612219
277224
738890
507039
230355
555669
837448
495170
586989
104142
69034
940153
75645
861911
512166
393496
635009
484801
452573
779805
212230
537481
24036
541914
491333
739277
407809
840826
623717
246251
646130
977073
494884
610232
798438
605956
552912
290138
155855
945010
105583
586179
73807
888702
180798
970378
208655
874330
662423
427816
78511
488305
730411
701515
14231
724113
687727
288666
832620
76468
687252
701190
52063
53226
734894
54729
264543
36900
282614
719615
639599
213407
675883
479517
609361
479594
831059
490386
966434
801046
354975
209208
565695
512698
240748
157111
142373
806944
440358
931063
932567
29520
288967
138623
635640
172022
993661
289007
816760
821938
628970
262678
302763
16956
567301
339249
510837
7026
7965
556609
970338
880128
575038
308744
114258
392619
581740
669983
702673
263610
126668
80951
230149
119233
743138
740842
571392
239755
249333
304381
809334
653667
24847
355829
134600
437823
921121
24402
240127
319690
324419
794156
27348
366221
680920
76457
477547
871801
566416
345689
125345
397459
67015
761774
28218
9532
577419
30491
763261
235356
768698
949191
552796
161323
540298
56302
192074
984092
809443
249109
310129
619110
629031
845288
17148
333935
619921
577137
379727
294488
982459
239031
894039
593311
729721
964465
155259
819061
232099
106981
919537
242013
789553
152930
688558
902205
126462
802646
359413
627589
923695
376717
172049
454905
876013
780231
412446
842780
282637
436788
348225
852795
711569
926734
1207
671891
985672
799699
77323
751904
183248
859934
470369
86211
851580
572321
496432
754830
242064
944065
451085
299375
314409
558414
634594
70136
747706
3102
708989
31367
598705
981957
997188
917399
102328
236146
264967
801761
703319
120297
445486
210928
852918
195800
913041
449920
255936
15641
975015
200914
408100
460227
14485
329999
375029
212909
746216
910870
640753
362048
859934
6628
861087
224440
242143
768223
723921
969911
536713
63423
425929
617222
911849
651930
204856
372329
901701
361290
42530
1565
789589
845564
465245
900784
574163
282008
33591
170749
274664
682056
823159
885315
652613
662311
340860
975329
416595
310344
111747
433841
802946
407392
356548
222206
413758
83921
447419
182691
150400
420116
357636
285569
378433
408065
890271
933596
961289
308990
515476
323219
518757
273282
85808
754234
122358
456005
712301
706326
901606
320710
959279
150068
243254
362552
392491
114790
308339
695754
454690
378267
407624
303698
692043
135322
122860
467221
233423
308891
51963
906869
666862
354114
815587
8823
15807
222264
777909
370160
219412
703912
624603
581965
367228
667731
149801
171195
598370
3281
844428
743353
327506
392037
884383
974776
476828
639035
512156
128235
131153
784960
205231
28209
332906
459742
314534
604061
600777
901779
445637
962462
489239
938093
38455
63440
22604
944484
253918
641630
565132
846612
66571
465169
672687
816981
466377
686202
131417
213752
921300
509560
54280
502497
77223
399463
362029
249916
995763
962533
167537
513245
56171
181954
315544
191288
420732
571011
886019
727417
12315
878419
822095
144450
958326
741895
924059
668735
379724
236748
403880
630246
481688
504112
951641
320464
135016
423241
632217
571759
504589
744774
168091
969452
820907
45584
507517
803678
365808
280604
841606
217384
169570
279248
102286
504687
697488
464271
61565
370550
444522
990947
261611
205145
884781
105734
694567
149667
448502
832589
736147
932748
550456
745074
71084
405778
383625
825788
192488
456690
851862
387725
306104
536515
862007
925768
660781
164720
52510
416220
208631
71568
76328
568306
459784
124132
442262
297455
514967
698796
796437
610150
557504
526438
834361
7326
747720
29156
623625
451322
667327
278600
115187
640651
415038
159007
95968
692015
897296
19032
276386
996899
209389
236448
162890
9133
660193
350619
464663
537695
146124
152768
566856
463112
767746
693905
344659
265149
61266
462134
590574
451839
252900
86389
164810
309769
586300
948880
538527
812217
613531
986108
305250
392664
116868
437497
721492
348104
424092
665490
445556
906377
891691
943411
873557
563047
919743
569634
926602
670148
754799
389276
738045
115710
148157
596877
391839
334908
79061
226410
813433
584410
91122
848943
905378
202415
464800
967216
496969
827959
977436
292318
113266
816290
77271
772569
15998
521400
625369
712172
958626
811751
640643
182314
419578
675242
352685
545186
564406
581784
642669
605057
658546
49799
91769
16645
641252
865691
261092
300506
274927
586350
13636
202707
190036
286237
848437
792966
671624
466349
395382
239364
400480
959769
88048
893043
905448
835961
490775
903306
335572
538064
997353
693545
39438
422386
5012
243283
242990
125904
535988
115657
717384
721186
268730
941700
51422
844847
187816
655950
882550
871676
817976
177277
562567
180303
812573
577805
923597
555294
802081
456921
456956
20441
437613
503030
542736
814481
721959
137004
762115
812676
128246
295826
266456
574406
552289
682373
158549
610636
572949
971716
872782
585112
177605
633835
599963
256125
447340
636875
557739
943310
517422
580450
766962
739559
234716
882940
823742
392343
74902
338981
773863
593897
640459
136457
733989
296141
165212
251435
808828
773800
238751
348990
528978
994229
216256
735203
793057
702422
899649
452736
185991
831099
819425
723193
335674
72173
292699
629198
850138
664184
682757
910865
786079
595955
501593
271554
442865
143661
609745
482121
143191
934134
368171
265423
777159
489927
433100
1337
971099
365007
38529
945153
940197
814043
253728
159091
188121
462240
472653
39362
101865
747368
362393
195844
596526
960983
845828
904017
308993
93402
882595
407283
118954
807979
730845
517450
688368
452994
493903
320767
369551
15771
651280
137699
427784
191648
757710
29347
347730
225460
686871
205546
181550
931484
298612
764307
503960
854025
367791
369289
867417
606022
445814
812478
575674
209530
53720
533572
833107
120027
629740
880907
48577
497904
214609
346744
686902
735104
74383
452446
39913
368284
243036
721563
799343
442630
812731
571474
918562
760061
510463
872256
977469
188198
748078
309117
299338
466585
290624
685329
495538
554180
858055
344753
679924
868352
385704
127189
920433
351406
783815
672311
986915
294029
892865
676905
619246
667100
536978
650579
826127
878118
178520
41097
922993
787311
972783
924229
310366
627001
336378
592518
554706
782707
833283
852292
993067
188159
922362
291598
267069
156959
785114
626690
993603
654267
581737
999529
676080
641681
573022
214252
102563
223481
333404
752503
453240
852052
401949
537321
437371
583249
927274
778933
807287
137435
814150
784664
138797
211939
257643
555255
965728
415045
846892
939220
238989
505561
484537
601836
457720
839833
441857
291441
714850
826986
950322
290207
538967
644169
908828
670333
245539
405907
567859
453171
375589
892848
195123
902082
999483
659805
503582
901795
687837
333717
124641
142400
564358
29724
840597
973577
139724
257192
828512
994549
386769
675116
504124
545942
971090
928706
549968
91990
865244
242420
225850
541843
40735
943591
89134
146389
96667
617380
109432
25704
34039
760260
164829
578971
696048
657528
780512
930771
485230
923762
340128
616460
438515
230836
268062
397102
936172
170099
416797
487816
364586
843047
889826
429611
275562
295922
23515
497253
445328
354730
465308
946329
264179
801477
72132
83256
497553
304992
664638
876958
380899
133676
575203
325067
221900
244277
108733
381564
303659
852048
972199
101157
251087
619361
960464
369870
653642
147655
654494
780423
423710
757028
644015
313225
355221
726092
934458
406315
410989
398665
995220
704126
70831
487176
951503
426053
213088
529701
675645
32852
242769
139726
646610
766915
33681
395350
602663
634959
376259
782040
111259
660431
589834
657798
571924
784910
579872
825677
541923
839305
189510
46183
578566
271366
928406
330044
583494
550223
733620
97717
472513
257738
845475
665760
984514
269110
783028
658361
865804
435140
273624
17435
423990
101711
95319
496451
919792
66234
994906
139452
945379
162405
171938
544877
973431
490507
605979
939835
983854
827324
230859
802844
421293
112561
366565
789370
534107
58449
817530
502655
150434
864511
374991
536323
934291
850654
496841
165840
291814
149986
966533
72206
47262
177492
881028
2960
640395
858658
9923
76857
428969
239136
252137
829964
791590
752799
502490
815760
738305
875496
420393
589148
90254
295574
985706
639300
953110
131341
132197
635040
749083
668058
605478
810677
228217
697193
713009
266051
213927
343005
817042
347371
468637
286096
11027
81658
557392
232295
352711
852182
85273
668432
616964
314115
264179
800731
333166
525587
786595
682354
443053
540136
114930
832374
239104
796583
38742
117688
303595
505339
318831
32657
332684
800707
263277
186015
614604
469849
217294
508444
903473
460736
325701
481820
983119
928681
258294
858915
621598
900386
9438
523616
862311
772252
32912
648906
727833
318231
795802
218966
697848
594732
182342
593682
595893
18487
483580
353633
784728
788191
976645
264340
128665
13251
433258
90913
612047
383618
623291
703618
851968
657831
236971
129708
615447
680752
355737
172394
916723
805945
342570
843158
549340
633290
405073
785524
251408
823289
521328
994027
371132
194429
844120
34977
613126
457361
984621
639666
13959
223041
600037
54156
370838
407125
948527
816873
119167
240983
352240
936042
865939
697025
65960
185869
155865
805704
625715
453579
923426
995775
328044
878737
456634
855274
253740
986904
956538
621152
446192
958883
690555
105307
838744
808469
184357
910752
973068
987436
261349
288133
663545
36382
732733
422756
822585
351118
8117
322651
664721
681259
323503
127612
499412
366566
927128
913816
954148
100045
536251
961699
396760
437129
158767
823748
304505
668208
230129
692924
477031
686024
794636
813744
560921
393113
465012
546708
893570
231854
756659
248246
725262
549032
991035
933797
536587
508990
829914
874172
939685
519316
534347
401230
976970
120823
681960
601775
241836
307123
119869
749405
549028
849681
644025
230218
18228
82353
564670
90503
462245
974207
561047
341966
942351
922133
153417
831596
804215
916589
360322
374089
714130
243009
421742
156245
503656
818049
352297
822417
809236
824560
454415
492984
384872
604
746350
279752
602413
361208
760605
912752
153416
898136
471718
402135
570999
845256
898654
331718
730747
193736
342358
440180
112592
111784
190186
490733
663832
366140
495030
483166
223702
454845
256681
963839
487701
730876
934577
878557
80489
380227
202454
693699
899277
903690
161315
591172
38891
514963
206014
212456
123707
683363
403033
516657
292547
389149
524929
76809
291772
968380
874900
117961
575253
398252
748048
628392
533841
819142
157766
507390
909963
456359
531309
169268
612186
817323
623378
66187
572687
891787
485357
636869
374427
845393
386000
140211
446542
904179
659896
312156
20090
792596
126342
477191
765878
842451
308103
410342
737406
884557
942063
249951
929400
550134
52901
389047
602321
387343
351288
369309
172486
242884
941807
405777
516095
232678
582781
708527
200405
654912
304339
630428
219572
926296
247440
642124
20380
334468
392276
473709
298881
156325
605618
214067
448787
852421
206019
158273
736792
604937
288343
574321
258036
4243
867335
735552
432907
198710
981286
25753
85949
941270
637526
899260
460176
240860
23350
381003
488940
245012
534713
558193
515967
682403
198162
600751
572737
575400
682443
85509
278225
59885
36086
480441
564990
958986
372154
655366
373475
882710
266511
908900
731882
605835
923972
647728
228081
95925
127933
521337
486985
903447
759995
197350
814874
719195
710868
254151
825381
336755
325761
297974
275490
334416
55766
242282
327368
767934
912204
863832
902763
664858
256762
473093
809087
156977
713059
544941
131194
436471
318376
982089
892184
603105
727262
972737
58360
560415
978170
277614
557156
682681
681705
180810
306862
882693
775229
112375
579253
332610
903617
335912
936263
546069
190189
673968
14240
999837
626485
642661
975185
697397
464635
273009
47932
146437
668710
487349
708796
997893
497034
679705
169633
818576
876422
980212
357080
268577
721645
907285
775402
445100
35164
774764
114587
932507
865067
332696
775090
164131
213759
836366
680793
133507
998907
784674
274906
711449
60502
636662
751625
286945
676552
537276
154945
929482
531806
201577
243078
150647
879789
233464
629194
884815
667683
362903
613131
344641
728504
548978
673945
139799
460932
123035
620725
22390
552747
62035
634389
872432
637107
435448
571973
710982
233910
770250
887847
675517
74163
453275
362907
945627
305086
985747
171385
220350
480536
874653
37435
629146
237145
47602
429304
496909
367369
561024
346891
96481
916111
156086
136146
327517
654401
658543
9875
101640
987994
269944
199672
793403
178057
248960
705915
788130
315046
376667
58909
541903
172351
55219
622799
480890
682641
847563
210164
358681
12243
608433
253566
76952
962027
638912
132661
427702
979844
37391
885014
605308
603127
868026
352088
938393
439974
961162
669770
717855
451816
434628
39063
931476
408798
295627
454188
49526
256420
544626
410352
109711
434340
516386
983730
371376
631556
762276
321441
216461
784255
852301
216436
241653
541137
979139
629226
83244
187148
445999
524267
548646
88520
65601
310926
380002
308279
221466
121204
241697
742743
752923
337297
277442
321728
198920
418507
193340
917085
501592
319226
918007
838647
949659
362704
741255
734637
600520
427730
510406
745152
819170
812804
612172
257675
936519
394980
474958
272784
93845
360652
722320
222125
159993
811770
910472
96493
157781
893421
591121
134842
521421
327910
452488
700081
736623
922446
789703
468622
181501
448822
688316
579014
706840
335224
52645
25268
438538
998077
404074
225835
346159
617816
127830
533866
355329
682064
417523
325677
334783
899644
316546
934112
895546
535878
752660
535278
600764
555345
969032
630456
522965
355575
479266
474850
876739
551979
94275
864903
119165
837566
311307
261004
678364
980861
814984
298002
723303
281847
1369
363781
84473
110172
21155
595666
781265
480256
238319
964085
274486
949055
7519
102768
291973
597627
296779
660439
762392
569665
761661
283272
514389
911690
67013
181177
836112
779229
17849
467434
44190
802450
651532
66745
558007
341937
390665
844884
331911
46456
543149
828104
206161
902779
439391
492024
49984
570278
627277
900906
302156
678686
671012
60156
64133
859974
194155
448372
267520
391646
925885
733813
224987
59781
953953
639372
76525
940959
57672
208810
14543
141201
432034
659053
712514
844201
925725
901911
216380
137243
952187
631455
285842
276070
241614
837862
427715
737174
823187
606082
497502
685410
137513
332791
254673
175669
721068
907076
111952
390858
969010
887897
329374
421104
938082
6886
752187
142957
468908
853070
323562
807935
67048
352634
852638
889469
429071
645322
235457
230045
835664
432295
477856
279759
230992
572212
223861
784645
824385
433635
740946
540630
531357
237092
738152
629304
657408
434935
545970
759339
386400
920610
429377
892853
350122
226175
176484
782536
427833
386093
985587
385791
905717
212199
589497
342407
932806
504945
117947
475291
363828
965166
961001
55783
244189
827023
641440
53070
329042
440230
654682
140487
145358
165144
984627
699042
362579
547825
302744
883497
379171
228306
181070
979553
377432
741573
136796
308272
599584
612081
158295
822424
588633
720105
257672
776161
980165
81822
434043
73109
539882
942709
34535
164389
923849
346996
374261
867177
783736
577365
427055
909573
597470
507581
677126
517479
7371
835398
461376
615020
297522
310648
465980
751970
540548
38103
1251
42408
465449
333526
772845
382898
812893
346793
968397
520681
516581
737720
266490
617903
4909
56303
554395
363648
220224
401074
785039
75060
379491
214318
580694
164577
999118
824523
626399
849501
546696
325886
414702
863713
211230
616634
791977
201609
75071
590086
523584
433591
548983
394666
282744
623448
214918
468291
116690
759486
892701
278006
37596
418221
446836
765505
929747
612145
155403
912557
223603
550508
402043
362016
469150
439726
743287
395598
497701
673404
253925
666320
401909
174515
454035
967437
926496
468359
791383
470868
323463
6628
458056
755916
743522
698037
549394
730435
176620
184962
221946
607074
824557
339764
917871
29442
481445
105524
282761
483415
306834
874802
155617
815306
669087
367682
855563
483749
316585
990240
314484
586280
536430
187348
584021
302584
268948
493616
591441
816119
75732
328567
11313
515247
187841
767000
643513
243431
894009
245207
659559
860440
568679
942989
471623
89017
170737
732614
550774
601783
663045
373128
43121
547265
893499
624115
427737
772607
977063
43076
342213
716898
911295
529971
130116
457878
151203
988029
470446
274581
985677
850556
324133
167957
812246
165041
616109
101025
17057
5220
62757
907334
129193
637219
405986
35
473059
979366
786215
424228
927503
789971
183490
461576
462113
255772
242501
409437
645446
540422
860576
45198
150357
826309
846616
200083
976979
449731
528294
119366
852195
812032
759534
710166
338120
201364
693402
666004
158616
423759
154131
674603
881088
987009
111324
236525
171054
230677
222027
939016
903519
873560
989604
10071
975877
809688
292307
70420
336083
596711
50822
375468
388521
337535
928613
787051
298135
70847
280431
89622
560080
869460
463474
596952
835373
229683
602918
132244
155994
765570
391591
436185
861345
884310
579982
625076
734033
187479
888299
213534
952394
980992
658656
330966
947624
715715
548892
173066
521674
450761
246963
165103
119038
493911
83351
25328
29067
563532
352118
202370
556250
975047
488239
674262
590337
207077
34481
530984
409197
823592
566451
257397
826860
2099
665866
898953
364309
443633
985386
932278
563156
468310
300155
863713
819734
106621
468951
884918
960909
455921
353694
60603
171424
979080
232375
871042
52467
254760
324771
579832
621774
722541
26431
632539
481452
13923
848342
786633
962723
937454
315872
427635
586794
516937
708316
125488
600396
675627
750533
260782
713896
857797
143667
691971
435746
994152
236305
988834
403370
719748
664247
223657
704679
534220
380772
470422
332799
535605
740633
857818
862790
979676
678484
86598
65920
898695
988072
598690
723092
696964
291702
495900
71952
679021
650058
900126
750227
957581
804628
564664
36251
505693
968576
811196
707372
641767
967157
467433
16601
295948
21671
969663
260658
570465
185818
182322
963210
382771
701108
929209
40163
821931
253116
158469
262072
804621
134261
968975
470439
74010
786513
648970
722874
570262
35092
599800
422097
312740
226375
874585
921005
206029
738132
960061
235675
473951
892677
77883
878907
898738
906068
897722
572012
163846
223598
554860
907157
459208
644745
796827
546451
280627
221726
536092
979002
198675
542597
675296
886730
47845
747501
420136
219824
165339
747508
462105
367861
652284
781289
486053
908871
662311
687323
753961
14178
26103
660445
46422
382299
275842
692186
473798
491337
150908
5839
341616
977872
155514
835433
750583
458891
123792
476859
972380
114709
730715
671771
934612
332853
74522
349210
741173
372516
468535
986079
620746
202939
662564
495264
911941
603774
164001
757052
200916
714431
913305
414583
469644
818928
300012
331730
741378
850313
137480
799878
37241
544466
520688
848733
650549
52621
249759
247406
570222
152452
417477
861171
422176
215850
73712
679816
46655
835953
169414
731202
168840
666791
646831
196458
57715
246477
628687
42965
187973
150711
809713
597409
126849
136025
744255
761294
221630
176499
684141
390198
326932
551195
872758
150314
136304
176100
835135
668459
174215
512680
492759
610178
261928
286007
656992
811900
533673
207260
199687
390662
584963
360968
404718
593185
283066
622558
301548
300865
597172
987162
578474
246216
725100
275935
590958
528346
153726
175451
863668
906012
993314
913049
722232
537742
754614
220514
224849
953283
411827
923345
484471
232505
7938
46642
696613
544921
86439
986902
943513
155852
729947
833142
900665
568503
682104
744130
410896
900501
509710
737477
764917
932080
222803
949750
806732
166524
865846
484061
242086
211472
553876
771231
182980
381826
517316
304553
715193
890077
434573
72117
650669
517953
69111
469948
829565
756568
465406
197048
982976
323504
640483
562900
667493
745530
999710
844531
824696
370910
724078
340634
931779
827001
218192
159931
400721
74868
506318
849695
38670
137154
929838
466415
38154
848118
367308
345950
377436
206654
981954
617782
476643
679936
78467
749822
605928
367183
986439
785414
297311
890506
255712
456015
422477
751313
606572
731609
256643
964133
924195
160521
218568
260699
461648
240759
849045
25725
118621
829586
547321
810301
534087
326384
942365
364055
573552
746998
324898
277122
85587
601825
108070
547858
386002
574126
760806
308973
584875
110252
983741
772071
116553
966556
947787
776445
201847
58946
153841
73771
990575
832267
570936
310314
554832
575706
553617
753610
800495
880113
213879
919399
798532
388792
123312
109323
359621
231085
940915
71840
999249
391145
296932
790992
318914
408843
164603
918267
696549
689411
540098
103764
370630
987069
714173
517593
875108
660839
634211
660397
910595
127457
695819
81363
420577
83648
66274
269257
661120
59455
405145
850559
715298
727427
384475
461554
701971
91786
96060
978922
116384
693295
491885
65548
743205
190428
261227
254556
904900
94668
500217
213971
604082
788731
99074
889433
330795
24493
255648
15712
636806
195608
848954
447068
89315
624752
133959
575458
4672
193357
590130
621788
890603
677754
406550
102375
344722
52444
353768
94025
444470
813373
472756
11538
693950
83124
597824
261262
889512
526579
819661
930148
298266
662829
627899
557134
260567
816674
367372
327797
300749
597512
870913
970856
81354
790935
539680
161849
132815
390065
655895
504564
344125
382637
868922
217341
59692
607807
701161
261765
692123
956805
905485
156072
663809
922928
632385
303078
457410
978957
474253
993597
738621
954159
811533
220767
174530
487867
299952
342933
484513
628880
906844
144112
310365
848273
614511
189863
641536
627600
98081
562706
397832
80856
945925
818050
961407
436311
888366
981947
444584
926502
53934
682959
643669
343095
819386
927000
512662
348698
439465
818961
208588
567916
652315
592785
109659
940380
867575
764198
857277
839515
214668
322506
234868
170080
725209
240452
206040
325141
920168
25630
82446
2017
759636
426046
266841
865491
435308
783396
307914
553383
44912
209279
770515
183865
510712
848428
787770
503683
616628
611276
59625
903060
610830
136896
760482
413712
149228
34820
736655
12254
773841
45605
60087
241650
315171
467488
157261
322999
28743
727001
133603
277912
456936
912437
929724
380075
552599
32404
417534
379514
936845
481198
801670
543536
56523
828041
748374
280157
298530
921556
611177
159398
769935
220451
674983
85196
766206
537800
148468
758999
625071
915786
995811
41310
375862
822597
491337
127798
698716
87070
313132
317749
253604
261792
273689
741217
963880
886264
298196
477946
669408
1993
412074
835937
433156
571757
851939
765156
289674
39882
288788
218279
894345
550028
563408
163504
124542
589252
986558
486798
747563
69021
772806
405799
67805
437622
548070
591645
433415
848353
588833
833053
181386
313848
40790
568644
602390
328086
594094
952941
754090
892409
97903
754395
272183
115634
814638
821120
450403
325574
532961
312552
421545
884965
771730
109317
884765
44100
348400
382615
786957
550489
886464
536951
823747
673523
242864
236417
332072
13811
320396
887708
936131
353706
636746
269928
725726
889361
874815
828610
419209
761951
492597
613878
591736
819595
732372
797250
506759
472990
306556
564291
583838
612083
647349
572671
682928
965327
220030
231630
875805
109655
537026
893157
873656
789938
518056
440896
586338
415036
270601
239340
11541
815459
989885
531758
455805
244450
663246
813203
529152
60440
129486
714005
738271
663428
875397
962535
92596
168479
5698
982750
912283
634326
878930
827900
907694
70947
599439
604889
674536
274375
440783
417264
196523
218982
31102
230211
345500
798655
473286
547500
298284
788038
835754
681602
54578
222495
672562
546724
582836
249273
378369
194533
82373
3525
99778
407444
442632
459474
649793
766054
942610
345159
49174
830466
257326
468156
163516
695785
683514
783349
105535
702721
425774
668283
803668
343932
765501
511769
880514
681641
952019
889136
989374
613015
23231
588023
817558
976097
264555
964499
796355
400283
245958
641423
652129
733528
593922
409720
88954
998165
857337
831768
846462
814661
862698
661325
438223
56249
233634
211652
45945
534507
235894
528791
643007
828200
295341
385601
241296
699545
675898
802426
330649
991724
311974
935348
684532
800676
195852
82288
431485
524793
791550
923837
389189
581228
981126
955982
715040
32876
976070
833783
928090
683294
217601
281028
274630
183309
871986
359350
718838
109230
639194
289691
360454
885838
386712
830345
636883
451546
723056
231222
877770
62155
116974
258167
203162
93932
248227
102163
695947
268169
852174
449155
813544
378294
933015
708617
917656
754425
423540
602410
651275
100117
253486
843210
304336
324723
333822
485026
714371
611375
191313
75936
987874
498237
776619
272347
108673
648375
973159
122032
85076
510660
156316
970751
955050
592678
69852
758268
48377
854943
262294
972850
261140
894721
723483
444954
199481
282641
672894
566356
654342
294615
782100
653184
993228
273541
842970
651452
608764
522754
417590
407162
625790
973713
808342
470844
203105
734691
878453
305007
919661
192181
951292
554977
374419
296999
694085
116257
401158
549211
906554
657458
25763
622982
675292
674411
3403
904214
870176
968494
975057
433472
756979
692547
119887
164773
998047
856592
826963
632480
688901
238135
625335
967023
704522
237964
827406
461563
110351
19761
30074
63749
819672
861905
105307
503407
104398
181109
494370
835493
261343
796742
541891
860646
274691
136736
287625
222195
378330
194766
979395
180562
227249
673960
767900
142079
418404
506438
501833
501808
279325
923936
942171
529987
132730
542532
268148
903943
434637
230578
42070
916324
817917
904919
303447
18024
308745
125988
53809
599598
261421
878411
481653
324333
21725
226454
405984
751002
945582
799332
17542
97019
104468
811584
315499
667466
512838
158623
118897
207810
914494
190390
337451
138888
304156
55094
235535
856313
660330
249957
99850
159692
298363
926298
605038
608100
287916
822933
892551
343605
12
309624
20747
422032
587352
981734
243183
488588
586079
623159
941014
714451
966468
187157
995876
417542
579234
785334
404017
96462
75082
288822
416730
99264
259687
157008
205361
159276
224067
192120
738132
275907
369762
541657
64411
43170
305740
615654
106987
467071
660329
471007
853672
186031
634948
811170
164359
247121
809842
696939
216129
681883
218828
470058
254755
799999
201239
397696
403074
654329
399813
380885
266700
848568
212052
54616
215034
202150
707989
450708
309794
313814
31175
449068
516009
508233
638690
40755
825046
884317
799471
53482
7489
5907
791508
802071
270442
477755
796590
181950
99942
688190
555031
361599
649395
839304
688711
865483
120749
33552
96406
401988
788698
225925
514655
851953
858975
494614
482305
357083
510998
441118
881855
8326
386487
943723
586503
644751
292211
888490
21904
449631
8671
321648
844956
184521
574285
171111
651165
521798
871223
137555
99892
259082
985109
96000
464980
377730
880910
674442
754117
111405
652810
370505
800261
307476
783526
77783
655432
775143
414017
185470
458336
252150
35443
319619
175289
318920
417886
621641
665851
899292
351580
217060
64466
363322
530072
358075
149898
729204
52473
903961
933971
984638
337528
445968
830820
751719
241298
342154
124
788147
191449
865837
110404
845271
691750
149162
434513
506513
765289
119331
89157
571233
290017
357495
900373
392871
935654
146667
512933
120794
654500
764918
452815
797474
763810
715049
793602
421524
24384
860345
820999
443272
231168
933866
678367
918167
375482
701082
750793
640118
497459
15272
548192
33450
962953
50879
716256
481127
387077
157890
842313
145417
405075
368278
615068
961902
978573
299526
856770
210286
822707
71255
776268
313720
751991
88170
411989
726346
615925
673159
678788
350860
965504
687115
856622
370250
848600
797169
622488
90124
606327
823670
277722
546964
856010
43308
485342
87028
989757
751389
130376
669385
454191
212122
830256
545047
121093
641951
352906
713667
220698
807780
960103
136935
444692
308035
467156
841429
650642
449856
608992
217260
980033
220730
805500
287376
627598
719277
474426
938889
964342
739105
667704
259706
546809
540531
596182
687227
394540
467198
838242
136342
902958
209446
697301
4699
159091
111233
228279
459232
237628
622498
723037
742553
431783
227266
26259
68367
994530
421453
438676
456448
966011
289671
739894
169684
654419
298969
333475
799799
734834
220988
680257
241431
843252
321
970739
782140
520544
852218
226681
871935
338009
872200
837875
240040
303981
447106
345539
565992
146571
779839
478671
572527
679953
360961
936357
186987
999172
614654
308730
532319
898201
497612
189003
316507
149872
604712
65189
977373
454624
119459
548415
302788
732653
460393
74181
347949
951446
381551
649456
250668
963915
266680
251280
738089
710012
2565
636587
685780
614989
978391
876608
543302
49830
328226
969124
777462
704806
404304
73870
760468
908215
522670
413166
828293
752060
276087
943159
53948
246439
303291
756222
854642
434600
381292
13690
538881
412032
265157
176939
85859
535860
691416
957080
959873
296028
606322
330736
323707
686170
375148
14162
908532
58536
598673
390760
130070
721995
532647
691502
735401
377188
90588
738193
359499
939429
80015
115442
760717
168737
731063
617737
394666
385211
473012
265319
914277
348096
860720
736084
702
665553
226226
935190
37648
572985
111231
409043
651466
583005
947181
139086
918472
41489
469189
281421
278285
858823
218900
804187
867231
331618
924174
460073
802943
689961
487072
290768
931780
968535
405329
213106
715411
447246
552467
988030
699965
668524
166572
393042
646005
203638
242492
980154
275884
450162
410730
268566
294155
498129
77999
348634
926285
55304
112127
28336
395958
915775
496719
610616
715571
98018
418183
288431
371663
162262
358534
36845
251280
156486
559372
211848
343148
736731
197065
930070
605163
627466
389823
333904
775386
753095
610966
122387
661417
766231
118652
482304
722146
194307
470582
50562
364806
281064
848200
952687
393030
391660
178813
134536
649179
770571
581588
675035
678850
120335
468551
819208
267543
201246
281273
321568
777741
708269
129083
939561
141256
589202
593594
233342
706263
935160
284425
532819
891537
157996
669447
112535
218443
224532
986413
121074
988979
643774
29046
836781
888716
203478
448939
630513
189126
293810
181386
68712
596153
910152
161554
867648
306558
859199
96878
604622
838186
64418
456188
287759
752552
353713
708408
75017
930610
632722
378249
86352
421164
806885
572776
480356
633245
16565
376873
418808
904458
66057
705896
157325
614449
89627
495505
226749
102495
623776
836363
509908
608110
566150
394626
334553
680095
400060
8079
584042
177296
943722
869255
406661
904730
515778
458909
812195
854857
150254
128820
206462
580600
780585
408198
441908
606281
10090
163306
131460
383167
198010
121541
147444
348216
781287
165007
841813
494793
538641
477633
274719
290808
179361
44440
194742
309328
632986
507913
270926
846885
180871
554817
211754
567269
452628
125143
611199
203286
379321
642321
219128
486769
193681
471120
392275
804379
911369
931929
561000
217468
171699
595264
712522
183998
714682
271027
290758
804260
190896
409696
225864
439876
949572
107524
86301
960163
732559
795986
493076
43371
821645
67388
953469
66635
699112
985504
170963
499883
796016
173906
368758
712203
415464
651330
948432
928119
678714
784778
634138
79913
525578
899799
626935
399867
77351
15857
485182
821190
598238
856040
909845
406365
299369
655709
983736
43871
802437
307754
854873
509053
444321
738607
332962
79241
661298
339002
560790
139894
381091
950866
274453
986866
304810
747808
642174
460317
79094
268283
195183
633892
24196
652558
694951
595199
339793
144488
661005
364931
396330
849440
479242
859364
839967
153507
724177
481035
494038
270748
213118
83152
62331
219070
763164
942036
348757
430641
148545
631422
164404
591638
981268
579280
813511
271801
358191
837157
31626
826514
708127
946185
711708
252152
751880
925237
885806
744483
714342
528805
650840
227868
247726
546968
800773
351619
471827
588964
508367
846973
824804
44979
924902
690552
540242
661342
439209
937372
461392
381604
343319
696591
366931
259911
165599
401317
756857
483011
720275
75235
569925
258859
435323
15726
729864
791203
997894
279957
552797
35828
303707
651128
548619
142031
584398
194963
303437
391329
113775
401515
413677
85071
243516
294035
829900
689039
36086
773787
291199
594082
238673
482070
819732
349298
74116
470279
625778
530179
732865
364968
244638
151385
38271
530006
879386
879719
841202
57564
568616
517935
253724
907674
206124
290939
176125
492497
567343
137782
287910
952206
733056
894503
371820
740209
564340
893771
77751
553945
365903
885647
662778
704367
721915
340519
869437
713931
328949
731854
822358
953670
742535
250842
786742
949789
533295
647419
337503
920446
971743
214800
806899
211507
379358
516517
20520
661928
825612
899277
27608
602778
509250
730713
661301
229086
936856
672050
125978
914188
267072
774104
244476
967494
847311
981111
723071
864488
207004
187427
628389
623310
413953
737649
850465
952060
60223
514673
394570
728110
325246
857355
367211
761085
858353
715637
101111
559403
358232
289934
261594
912715
647519
46554
72042
248144
490276
658459
216636
572848
87766
895816
669587
643700
132920
456940
259764
270367
157445
342110
7573
880568
950574
72025
619571
920182
126335
521079
907459
584648
865631
78607
924672
192958
689014
517223
964067
631895
777513
985496
308657
638695
308480
538493
910638
326949
471849
840151
51439
729231
317974
896833
912781
667898
198465
963018
125237
910010
185359
956724
190109
606441
861074
906056
213137
124760
638441
741204
152811
554320
141827
268867
677345
123651
950400
397143
638713
126484
464248
304069
123863
232768
153236
199916
692855
584807
659290
191156
206389
292987
89223
156543
162761
48900
183189
375759
627281
739469
292700
218868
78151
994095
48981
767216
4690
562487
560377
363945
793080
69110
348168
408777
924720
297126
568037
414774
756053
379444
544414
824425
269879
665455
971658
37677
189900
954379
206027
254454
76868
575441
668211
933340
617530
255719
683779
597938
963782
833335
120399
458247
98031
367295
783165
434873
233086
229813
140716
661872
320942
390677
835505
195390
467135
855688
104316
215697
473961
144306
675033
925139
135278
81049
396371
488927
940744
169453
514419
9951
790530
180920
760294
88774
935971
11491
158972
85735
353796
835554
616525
207216
642115
467837
830198
381063
776656
916924
699649
758336
66149
681903
276706
836024
896978
571735
848414
75985
411254
228276
771271
927818
410506
650988
86242
286841
153431
25813
992425
925864
8072
514399
903211
831818
55258
371361
374993
792344
447151
82366
135101
591821
419458
999988
912715
334458
500277
777281
920825
938630
308551
691122
934755
247430
182881
997897
703399
750517
90895
899978
899751
42384
538316
755554
794284
123985
648757
239541
43559
582149
157600
580610
725972
360140
232646
814325
805816
686125
802459
492170
517449
701588
335423
426905
457772
886697
232204
199618
190808
278029
414736
939317
336986
344499
874581
186974
514611
501657
852763
117932
969564
901474
341735
249533
468650
158930
869108
120296
695755
995557
720200
168998
306608
683532
691554
339293
144389
169541
946319
413195
532059
593878
820124
889163
170471
216933
782502
438919
91812
510391
556685
456763
592211
137667
745799
206817
332515
467570
99409
654975
416043
540854
238719
778505
527763
553220
801205
179443
214035
899503
865902
439512
285651
917026
503353
542720
146290
196858
938309
628689
197155
563966
725905
252757
539953
636
248837
704484
38563
890497
935071
795374
44346
780788
537158
965479
236695
553871
607227
645135
505593
348411
936365
726621
792869
52616
439723
525191
771550
488454
187188
528497
34260
797123
546922
544496
8665
493152
334501
7353
452110
965906
622500
471146
433756
808819
717279
151157
469406
488578
100920
31397
883356
222077
53263
300622
739827
807514
12596
159510
349328
697181
177784
968985
893531
360920
489948
232061
761648
859909
309035
586324
782344
430841
440740
546151
866742
159366
426383
251621
844558
823024
287408
298344
782880
319049
519129
365920
979042
635052
382618
377502
203435
623698
696404
925887
656284
510100
449004
86707
525977
289853
236187
721129
526773
70027
561249
665433
540908
864771
240153
891757
215433
967470
484968
879821
991400
35571
310159
669510
966806
348882
822561
261718
376980
473723
861006
293270
480955
387785
283101
150212
141497
179038
134648
934252
222521
890267
678817
989299
661089
831804
652291
849664
629621
257807
92579
589127
953689
981839
639861
600051
845619
549665
563403
796208
37103
611178
531240
339922
86172
249355
565747
840613
40755
146746
245255
867026
426168
493054
769895
138090
912313
763206
758671
316754
887284
148583
593317
880012
443286
157041
947023
149086
142429
22764
318622
469984
484318
629172
996519
852327
954275
867310
990259
349514
965228
30374
207884
19597
500438
190983
589368
827826
22746
39030
548290
551832
890796
490635
509619
492173
726467
6764
115232
992568
660984
365128
319709
252956
639112
513325
10959
542538
295220
342599
146911
909286
12488
280758
340811
867667
47672
838730
262038
716542
674789
855582
437792
736388
142015
602446
790608
1089
58885
104598
182125
918198
924585
197640
899084
489942
394767
155626
40932
528173
963635
678698
504957
286445
501417
205438
600839
810391
313664
571356
743367
523267
22528
356883
765612
256588
481875
393413
373312
334106
158592
395969
247482
922125
362002
992193
616944
938242
251223
960637
761385
626374
972740
114985
602961
14101
102966
612370
907526
593165
591123
930128
695055
324980
139087
278441
274988
251874
428555
764483
888520
641805
44439
353603
354699
200495
494744
386118
484556
952214
880581
253178
993700
236232
190347
771931
509405
14096
723537
465094
533706
12521
658902
190011
327984
126214
455861
361524
844002
459452
921483
675164
991466
168333
432623
211566
538403
261330
481952
954731
280548
196932
6333
745655
212439
551527
402797
251793
557031
474579
817438
676717
278359
161312
737195
976560
209072
90285
131671
181639
720851
423501
500406
808037
739052
862543
786027
209047
943559
349481
503116
144197
800124
57920
665186
970375
460934
747479
691788
256801
380146
888337
804803
144285
902003
792484
962167
986372
904658
75869
28249
649400
169666
65673
439346
997745
206354
151623
150640
880018
45307
122728
596545
211559
811737
998208
815320
124350
31991
661324
211853
326367
964035
157247
467617
340200
664544
321259
311135
160458
653210
802505
1181
56410
974389
358693
864674
322900
633310
357417
546658
868979
423939
608259
852004
37670
12094
193206
745476
362735
426604
799738
568149
75421
258972
628561
516638
111332
674724
560360
145285
863062
489037
837797
829898
244480
353198
171923
311722
831651
261654
242536
499492
145422
222371
344879
477335
685653
525103
112918
993994
119216
12394
938198
921926
2738
806339
262714
521950
551523
891072
930127
170255
62461
199086
246247
528514
287168
312754
572873
651054
511922
702013
329976
968858
973302
544286
387358
866432
446728
915505
316566
486925
293267
123573
79891
918341
898479
733116
314736
563460
630842
483515
918036
497887
419090
247105
478017
230313
843692
380293
718906
649490
829908
89368
221711
156137
148417
116537
947462
795905
213332
975367
259944
22578
46125
697105
810341
989111
174570
954697
500004
310453
832829
650264
594859
93147
990121
759819
952040
387684
57881
742826
852058
253625
611357
605161
788895
644404
474434
924920
864410
884736
692428
763637
766144
753116
332818
30273
691456
379390
990519
615280
288077
173908
97536
893466
314825
936677
841367
735183
493519
676503
515035
764199
884061
24457
942050
918582
746588
711072
572236
983391
842830
51808
978821
967616
90771
398128
108310
910923
600344
614912
40424
769268
615453
84102
223511
430022
472416
958051
661167
894417
269547
699621
292870
491006
920951
908965
796598
543555
681852
776977
895221
658417
422038
171012
66770
648298
3349
324433
884173
450865
394977
758751
397076
398362
308168
661102
124630
766816
24934
684664
863366
305173
160880
780338
652142
470964
541405
482929
948077
853266
48113
962666
77903
159475
98343
953170
139847
176825
110394
70436
246795
775607
622736
461185
402764
538852
341572
559601
545873
541932
522638
824839
757679
34016
278993
202147
755943
978380
465601
661522
893404
821097
900335
977360
974127
68329
989363
731181
766393
652912
612917
122252
307876
868195
719320
380936
35430
744600
260867
821106
535836
144749
773836
304950
496575
700852
657667
891292
963269
264652
428761
881130
994134
222859
243628
951590
577641
969047
389744
184568
971323
383572
338299
134382
279980
916535
439852
817754
517750
340090
151417
204246
574410
889448
697429
436968
351177
997272
253370
676416
733019
535990
59672
683550
443696
114492
155354
249680
632273
116801
868881
934553
664482
941928
239295
434862
271798
651321
41986
945306
656271
263884
540892
718657
711921
549153
359451
507329
116513
106829
87465
958324
651327
956175
316722
738706
221117
352833
873517
546036
26363
338218
939914
980403
363585
868080
36599
974959
692120
252843
570382
477419
168773
832980
465630
489814
592355
541596
419092
496229
296732
89241
246277
309659
454851
540059
543387
949610
322129
195613
756763
979379
942203
388759
688975
137130
437228
204784
942996
981589
102436
732049
442242
65459
610861
162965
468851
860153
324533
442716
987634
571063
34125
617471
408514
746330
661053
424926
983112
283274
623937
689812
792406
217972
887845
959884
844884
183650
60728
904109
596493
701445
965680
945905
617875
678101
258074
345555
664976
435599
819131
922855
896875
422877
785416
325891
263251
798036
907007
32603
77163
814679
961953
492075
263506
759384
287692
241357
488974
594047
142968
970794
362452
266083
458062
537933
523254
32373
652640
380051
964713
204860
424585
854271
249650
827898
774562
380522
651501
87022
633566
158487
542010
980339
905603
928421
94789
919238
635334
166045
656303
12004
515137
443883
8222
66962
78931
447658
172062
268726
138452
345816
555570
153187
126963
128681
994299
921266
61999
725751
238596
32971
92526
16726
295080
463171
647997
584134
455712
21792
590693
595394
995245
726583
606822
245877
746782
447670
905491
443340
457983
932094
962569
877734
255710
47016
950605
646120
166779
343017
972162
422318
171787
804496
797251
532444
225449
417772
78307
231058
264410
599626
123070
285502
481979
407515
383996
739339
38409
677173
161890
707255
679181
327792
914004
817282
606882
98609
340971
210050
287524
965443
719215
890707
785015
494880
583729
786348
198449
228880
131528
507086
759461
89513
729318
728469
448077
874548
708950
667377
408531
952816
302356
927918
651260
216112
78088
101166
258930
350623
526241
299449
876908
172580
325642
565931
92668
126176
311308
575564
486964
610260
157440
645629
743606
759392
148847
323405
375575
93606
60232
383339
409136
69901
121277
412150
666881
201890
62714
989105
158785
875288
115842
943378
60038
557552
124584
974073
10381
132276
43048
94142
436647
785821
116000
957283
993409
713300
506606
422696
37838
756054
60071
398974
596371
571952
148400
253139
494798
626282
791101
496460
481988
340672
743140
956177
420966
237451
234909
867393
750367
964671
382104
475079
8765
43853
340987
197956
889913
774569
149111
93484
146276
52070
459910
189101
233456
214716
718147
34697
258265
702572
446309
486149
434094
777082
977753
758777
266368
553369
554620
552264
525542
980965
934898
641322
524265
726346
581030
885413
535379
767106
359390
950619
539087
478075
449785
412860
42493
329110
258632
460699
254741
474316
302407
194334
245557
612459
249335
462544
785800
420670
628889
439185
944533
37835
250440
665453
998049
238582
608883
371465
319938
740355
117815
90361
941250
936377
294997
875119
969004
432482
320213
233295
720374
533870
740086
768222
3786
234935
557328
702744
170483
129823
749000
301984
35617
817685
886448
503762
863768
977463
591737
444340
294459
526929
487125
513804
586673
803460
911085
773643
158898
836930
274684
692775
601200
275830
796103
335750
293156
980992
708537
669142
367027
117598
213342
595577
641405
408806
147836
75486
1411
665648
95178
588587
91442
472848
879822
330902
411600
290496
667990
300883
46274
22301
237650
738920
203703
714632
668236
505628
574069
265261
791622
271757
567678
352352
401071
613729
991518
586531
690369
363605
671764
186180
331834
840561
619419
689763
917044
905180
371796
321554
328739
596940
392017
391765
177899
514005
270336
837064
950300
915619
304562
266720
695755
216323
721031
107913
73230
319835
449784
347887
25619
828090
524737
888345
429213
850506
272681
126959
333341
615522
520303
154972
988393
377272
629459
439246
799003
432692
548862
649754
175497
825631
578958
560317
415260
18682
746562
416958
904783
625259
988479
696303
760262
742610
808893
812242
622088
991163
528977
779799
825755
754860
307095
522435
212923
558749
579067
135917
26166
940871
335716
147107
187943
497429
182014
952169
849357
59703
351395
847585
244103
765846
33318
614406
253038
941794
942267
835538
849615
58502
931718
972672
497859
496893
319166
576620
341869
11390
19262
793942
330704
490579
800616
490565
855242
429832
839990
162056
420593
95486
420063
443031
619721
962463
773858
803225
38751
975595
415217
320703
276996
182513
943805
7309
313513
967002
464538
742073
729300
210336
109904
312812
659773
505500
514109
657381
962055
184316
854506
742205
573918
579155
686376
599045
23593
16202
942758
609483
604524
157876
440083
684412
319998
846464
898538
722083
498401
348487
243871
472783
279363
275141
573796
157651
72912
300901
658264
784359
510130
66101
384269
392428
807014
215929
363828
489933
359868
514651
191271
784705
96619
87488
514643
500141
397774
952693
593216
482085
565759
642056
433279
396627
501903
131315
443439
236464
245471
124980
374891
948400
264734
75512
305811
929787
417759
264373
90806
464981
251925
711191
704665
334302
666926
383698
216039
843061
901130
611350
45236
596536
322583
558753
469231
850151
280907
157294
402276
803687
900860
703691
895020
642018
223903
420488
846002
720011
299291
940107
219874
58943
884105
80769
61039
263879
848139
123055
392129
364346
856390
975654
956282
683328
369213
837205
532068
767537
548555
19064
142137
870235
240509
292527
289550
267427
137865
77353
636956
730754
1263
114751
134444
325745
914283
614109
362783
382816
634004
359771
616023
124127
608469
734698
789958
362784
95749
857833
462417
992595
351972
441175
27744
352433
400756
780835
452100
711125
663857
814624
510022
981188
322351
280852
327752
433421
192208
239343
415194
456012
424734
798489
939932
375880
912139
718180
524811
480316
400770
681377
408938
461299
309225
649038
613901
341900
194870
270381
317509
486109
473003
617904
417827
842356
717999
615824
345707
33209
679499
498428
406679
60079
906429
230447
592068
436505
493436
675034
569853
691001
96202
286273
694499
323700
810863
682210
920693
754577
463767
804559
116290
987296
992586
839453
455144
955895
10499
344565
237319
340824
208112
285575
537992
754990
50373
474847
292996
409718
470205
65872
388178
925883
132591
877516
28144
870969
741513
124245
790284
460451
842667
506446
544624
798208
682146
585323
327945
585264
306751
299208
221842
89997
760596
938581
54946
698541
177162
83630
613134
798915
275490
94728
701308
383717
706758
230855
353733
401832
979723
892845
289158
112551
5638
285742
937604
561827
814152
343519
921273
297924
891319
646732
379839
100094
334090
875816
942744
452367
722464
616863
917016
267684
407358
270984
368943
371739
862819
141174
44375
508580
221642
159150
224662
940288
809724
601714
194480
968108
886607
366076
864365
752983
908926
9927
142722
715982
646246
4358
860255
34552
322331
681528
865044
126269
230629
177875
529313
573763
237210
135133
315288
622608
328217
712858
354161
405587
400608
696928
517866
240254
958475
808518
645529
499660
120362
10939
740816
509152
457597
222834
768619
614734
345423
508219
502008
998386
605036
254829
767748
167294
748031
444608
433406
143058
316365
554615
28618
110788
414088
436026
126949
319423
231505
590530
789680
397575
317005
789933
835419
203930
768547
244465
799791
135666
130319
291245
870391
632232
499878
400859
29516
113266
199462
858850
112700
759565
939065
385160
45143
183798
426503
648005
850069
999121
522164
46706
487527
466093
972285
109856
338329
799519
149162
965766
401184
897419
153393
517586
275846
571713
984167
362848
208047
484099
673891
66376
738950
358117
458481
739986
613833
431373
533680
910021
273071
208986
332809
814877
934578
453601
806476
272794
866300
662419
943592
122741
622130
682490
483527
673710
12055
841058
235972
206528
281183
62484
708298
581238
231185
88318
844490
151575
370071
936942
342360
514557
250661
346365
9187
867332
507332
221384
333711
138781
670394
683866
476465
558146
160088
294502
69286
941252
737760
456943
345488
892480
770000
142026
94831
740784
863375
46459
427863
957149
468403
426557
312147
845426
875437
208222
915415
557613
67538
363782
675162
890798
396486
760472
813784
292594
679495
637808
378338
623385
862227
150221
202720
227
229303
853320
629157
385913
173750
152706
233581
3176
885394
563037
255222
839016
908026
3553
146231
32218
848911
290110
903489
614801
353364
85169
976753
559560
210483
210687
385679
625457
99238
104478
629831
590061
478920
339059
548418
482007
605433
95030
350559
577146
673255
8242
637523
436131
148544
868009
903898
272338
824753
862997
718872
11466
481177
146888
62929
775048
16463
688501
848705
764432
931404
198535
147162
82146
448439
454575
237080
4108
110796
16315
563266
301529
422439
995298
874175
119079
203763
73500
699793
598614
76266
596590
943731
792156
860167
24195
598283
569270
410768
371382
931084
550841
308409
651309
983916
469575
213687
702943
236860
279133
258211
686453
405289
607816
805830
87182
622605
406647
810055
707293
900531
609708
321646
378478
127014
370125
985172
420358
51316
491351
493097
689191
695236
766834
288290
621554
624401
868831
679357
859047
524546
10573
753458
966664
507496
303563
684728
928925
37203
983384
421232
497040
66065
714711
831410
686072
738244
203231
482291
476019
610783
390510
31248
669099
910909
582141
814521
275388
762462
502318
453373
213740
446718
341986
208813
275160
982612
621415
329136
702512
923556
205006
450275
170713
501505
583003
988138
555633
151011
980950
205784
356015
805344
117439
582775
395047
666955
949790
534260
226925
176998
534648
818346
990610
667652
988510
97865
861386
359104
975583
265250
673518
854227
303517
292307
897052
797142
671613
846922
784124
569045
299384
679031
548382
674252
705935
343698
397119
364609
507035
236038
126571
950269
242882
443833
997308
676008
54342
23417
532544
780416
585847
204548
342328
380342
968457
837939
326333
967717
153664
242117
432766
774448
795015
464772
68324
394422
456481
720790
130902
481268
272375
714147
909848
836216
589583
195677
867726
108478
369181
171120
639647
171753
358068
18312
138037
459423
78805
480442
260704
63553
440680
411152
759642
465670
799176
395764
145445
458547
951033
114551
805009
297529
364149
415999
841050
291691
227939
169803
55085
926554
896169
141604
163019
639502
599512
957283
331399
109860
876422
31513
663209
380927
622330
680990
225077
672364
418559
120249
44869
727830
35163
942121
814931
231202
580634
483470
635667
625000
713475
790391
350461
246735
305964
451977
959208
419972
88809
302280
974098
281623
257440
967365
107068
791474
500024
122596
24178
407158
554672
671369
338921
101171
764108
903583
41408
298116
805481
897348
377641
970886
827698
263317
799393
89267
622315
252305
591003
897246
882603
194540
958971
404557
472487
394099
981885
507310
472552
947926
175798
492408
931103
253271
567411
608031
669007
906446
271486
114483
954536
277398
129855
284694
42932
348696
529470
714904
870250
907697
384262
399281
476832
93251
720997
701978
461214
147157
460241
965192
597326
613288
171365
845894
125135
600215
224584
503278
85160
298921
484078
509699
682585
138359
143224
613934
517326
266676
492343
396563
991981
279006
2446
448656
253774
281984
26549
600082
661066
544673
450138
211795
987308
246989
180130
686772
927301
970621
905741
302066
349532
794085
127415
164360
664193
285211
504314
487137
361858
275167
149425
393465
634615
705611
829720
177103
800056
518680
305295
777
417647
503818
660669
473444
350856
495930
683473
618709
901509
779518
715108
463873
445805
539318
457210
440470
601764
762486
152616
580100
855766
799051
555663
163932
238285
399404
257286
390915
961379
669119
750230
133970
320273
598468
751646
96142
350885
918498
345495
567871
76882
898636
545970
853039
67746
589200
317662
204160
225926
812028
852709
884970
515726
492973
386998
944209
94195
377333
425469
702015
186450
163816
862254
240579
590068
61635
80098
670053
721416
894522
247256
728900
487346
13149
491228
364815
162812
425574
303301
226140
801130
64673
346775
254824
498988
528568
300489
951468
474157
386906
221858
826264
836553
823944
148413
769582
589467
278268
883563
622398
556275
146934
840951
751290
875623
195108
158916
393333
894081
266605
174355
770877
747478
544154
36833
967441
409334
109601
401645
534593
508031
370256
800599
980129
104460
412563
977252
536617
286155
157409
289182
478444
420588
682377
235033
548211
16054
984469
85456
981430
500660
168280
842285
632694
480332
3033
76263
115513
502383
48028
397254
465507
420076
372105
423170
764718
415328
751100
555145
363910
674888
478376
596064
41860
183479
925288
748321
116804
947106
301284
53858
230629
125465
751388
805046
876956
13328
619924
991053
983349
228316
567964
404471
596520
94969
986299
173125
475220
469639
979384
347152
616347
964438
698052
481555
694105
91798
656455
344115
791617
240945
734661
124128
876630
606900
688237
668883
93571
419432
414270
644919
799065
108543
719638
929060
109155
551786
860697
639494
636070
800840
282810
331420
284282
460792
666793
866333
743999
114127
341273
686133
378686
633637
179245
405100
837534
107082
396606
374568
224768
767958
120523
315913
505975
80606
504894
499890
357927
133187
609815
859688
26937
942308
442936
181778
897080
280883
772747
834208
830923
493093
582611
205256
42895
208771
11982
87532
84176
834782
558852
869912
36005
985056
230832
469735
360421
693373
194439
570693
109385
151623
302185
296462
450784
43617
240739
669397
532457
926091
609247
145346
927248
567965
930665
304467
337608
490767
871134
382147
777537
23156
201075
708743
644807
26631
497119
324405
32439
541534
644071
430912
859742
832507
420868
590750
509103
743298
650610
607114
754657
457348
5207
738789
198179
870969
595406
411064
405821
58893
622736
908244
630148
34897
630143
161562
561913
72850
568974
13527
565568
328391
31567
932871
711288
616292
849626
283131
635579
327371
17815
947413
354099
628130
62249
540975
722455
493887
188983
265179
258177
587328
929304
732549
436462
140408
512539
834421
19281
969668
738096
959153
872212
520763
461749
228031
680236
757507
364961
311176
489751
275201
412231
423064
859253
168104
522120
936514
5056
983091
534232
219105
287914
373229
456939
374969
507090
586925
262011
217723
65122
822752
105977
555815
506375
599486
24909
450380
145102
315423
637452
606251
838040
509350
514614
406842
621050
893851
755304
355652
638195
413655
568548
478573
797258
290840
233723
170260
624836
726197
19989
325009
592959
674923
21661
933341
488303
549205
756107
696337
693810
958010
189903
786311
114897
581825
646423
183069
218581
650111
530877
909528
81348
697585
117648
936612
858871
331717
64766
505401
970009
400402
559259
130842
170430
368681
910032
449080
537309
780227
498786
984499
78636
641177
413854
13568
569430
47955
913951
118117
117212
947288
342139
11297
360645
587460
379152
210986
156035
374776
196646
602190
83876
33802
682305
164091
605873
172125
723014
971482
160295
387788
669255
740821
635279
68608
91949
46266
543100
260322
881537
628279
771873
847721
546199
790341
403660
143124
890519
398114
543427
738676
489449
273654
252346
270049
510205
514775
576301
295629
559284
664168
213856
392437
441838
2012
809777
575923
396913
840856
783830
383025
940850
13879
793465
358904
608388
812455
457069
83110
977882
743152
750155
414974
321850
323797
411438
544153
978753
800083
796935
917179
194317
757574
485597
121601
383946
726123
51428
246390
461788
831936
87417
244228
143846
672520
109496
264775
193333
109483
459835
762621
303693
993849
737967
985498
552845
175887
603796
69304
414465
125714
801169
516716
811652
722969
971057
735796
962768
370407
428030
32716
263268
860693
230072
56223
829904
113167
311730
13019
164640
129397
531978
618013
411619
637857
652675
285900
667479
471112
760769
209281
95794
137209
327520
653732
644495
884995
882416
445074
469172
510964
90769
495930
370620
264763
875432
842951
167590
996527
841467
785719
660152
865000
516975
74315
337553
438283
12507
302487
495562
666852
715400
880185
214344
837676
218888
151974
916642
534697
738351
190240
296873
827764
846963
648452
262424
969430
256348
800447
843417
714636
878183
782625
428658
935786
574333
468298
315978
140124
940619
266176
147100
539911
475581
854115
435767
560910
543260
112951
595631
997424
800130
563361
318692
967950
229622
381549
57964
485514
282088
332044
508640
258380
706058
400347
340288
946526
276744
983646
323524
605751
150886
430667
938944
16405
597301
444995
762546
390787
63218
49116
961579
586746
458043
872921
938200
454372
125807
447931
881837
712379
485729
16496
529645
944336
176311
140522
60248
700904
855525
568971
914097
219393
945154
178556
185322
63218
79684
194461
29166
56176
606749
100566
504587
29613
480433
219340
722107
374298
352754
94128
126861
680334
782490
799921
627189
527679
483908
250386
445292
110124
885224
867926
374853
524445
545521
680855
816078
36930
196605
5301
313631
206713
721456
436844
88770
973739
376565
296895
871550
531605
309139
764369
284802
712613
780839
55250
917355
174394
974660
739478
201650
701838
632867
615809
591989
195184
856328
917151
891488
741481
235636
78736
301496
909377
99265
422112
59332
188250
425885
271413
626968
124409
155877
388834
257151
395941
191965
898200
677828
172392
430218
547003
487709
595122
330029
80979
851829
372125
44828
830937
75605
165324
984254
44529
631662
846060
513442
736504
969093
461020
886524
769906
544571
657257
973950
227046
201016
519730
792015
887110
581300
796267
219947
667078
137889
173884
174935
940045
155513
102857
166015
747465
359007
574477
861742
666013
743732
731935
329896
809910
411577
287383
386535
560443
804508
927818
817
910114
756961
823856
195282
462944
752302
67559
512443
842872
536947
775376
675639
263285
665204
826392
24390
443123
838196
383185
412824
868759
707136
565630
177959
375454
793685
157422
43441
245843
259822
346239
327505
939994
73582
747780
49337
224106
94951
930305
902990
767704
311685
880915
788640
835726
663899
962988
563525
542746
613575
667900
381585
925923
453699
871276
130035
590134
829387
569220
635695
713022
33447
230893
641588
903954
919700
890128
426649
523177
574931
707612
518905
305960
509581
616039
784103
653852
450529
318572
525264
503043
423948
73331
728876
640197
541044
66702
458976
922304
38417
287871
600564
563457
954104
953143
528940
178766
240454
600441
318021
898464
288741
973533
475405
253678
725630
974897
586399
757988
428539
438010
636730
923954
236087
492632
164606
558529
450245
594567
551490
220801
704346
781378
116628
266590
442136
123906
206926
801041
350071
732324
224401
696659
938130
222312
38305
700716
199756
33941
226781
174889
64349
60410
99673
478827
185277
296272
623514
85340
218091
245052
850221
674813
648346
287856
365540
941531
299641
14769
947182
376353
405021
914291
948626
726534
26382
469280
424648
220006
731627
824440
738676
810479
621050
425169
509504
205234
954576
145728
870292
366873
603609
306896
370101
347832
815173
223151
9207
181820
917840
602665
249952
638144
644652
629195
871067
940222
74252
165481
859222
338274
762255
645244
779576
387386
565767
523427
142082
767434
825190
257738
851969
368381
850820
779176
825133
955189
609424
670690
878946
541187
290640
881805
355192
12722
395862
811345
425217
694590
139521
945833
883486
899234
625837
165190
48382
750863
464824
873235
735605
243000
41650
220692
794100
238794
658720
542247
911211
601210
691181
113645
200184
742262
707054
668354
988874
383101
845264
670439
704343
138314
480097
338177
207798
930283
33783
318587
592857
866673
970817
338246
25771
397440
455656
843328
109634
606598
943713
7666
970433
472521
874770
412852
643597
735576
20894
319531
380650
858915
993615
516851
71857
499175
462239
626007
528624
597889
696291
121149
330782
187364
683029
84575
776057
737702
713660
359348
437118
359412
809274
309037
458628
294758
134066
863515
493558
292206
115667
847341
549419
163433
959494
911831
582628
660568
932464
835599
823649
215528
757860
697265
428512
514285
910440
450371
175731
798958
657698
442322
426173
838425
144544
841019
376137
425303
129153
